<b style="font-size:24px;">GENE LENGTHS</b><br><br>240
1626
291
807
732
1851
390
1188
966
2610
1320
1503
1377
759
1794
1461
1401
1800
1107
360
816
801
678
1101
1542
321
927
2568
1380
723
1698
1731
984
1542
1071
1023
1458
897
516
651
366
345
2433
654
1005
786
768
1260
825
2298
3555
2763
1116
921
816
2136
960
1110
246
891
543
801
789
567
573
1224
3384
921
591
708
2256
558
747
675
792
903
1239
252
369
531
270
900
831
795
843
738
894
273
1656
1575
1746
882
417
1704
1191
1212
1779
720
795
1203
1071
783
1557
1338
1041
1398
411
312
1380
378
1002
2754
945
1473
1245
1212
480
303
1380
516
963
351
867
315
3570
435
1878
501
828
1452
294
1416
1161
600
648
726
1434
1338
471
972
4137
657
1506
963
939
726
351
441
1200
2280
522
1080
1803
873
1452
1107
1446
1218
1182
1539
285
477
3120
3141
3105
1272
939
858
1290
2643
2814
1107
1299
1299
897
1215
915
1125
813
1284
1635
1092
1053
1710
522
1596
981
399
1590
3678
996
1554
810
321
945
957
1059
438
1059
501
1341
636
195
384
927
2847
900
915
717
828
1281
1632
894
1248
1350
1932
423
978
1068
258
1074
1641
927
1005
2010
861
855
759
1308
696
2514
2700
363
492
2106
672
726
1269
846
900
1017
843
1443
987
930
2910
660
534
570
1194
594
567
663
2895
1047
723
705
2274
1119
663
1425
2319
1215
963
4734
789
2730
1290
1092
372
477
2346
549
969
936
600
1203
846
951
927
2964
780
1689
1347
876
1425
594
1044
936
327
954
600
906
1035
1818
1086
711
1461
378
2637
567
468
1269
972
783
795
1476
1311
540
1809
642
1035
621
1515
1488
1995
303
657
1044
7728
4812
996
912
594
477
1419
540
690
1632
1221
1125
2088
489
846
852
741
552
987
1170
549
771
396
1557
240
1602
708
369
672
1614
702
648
1632
669
3546
1185
567
3036
2367
972
987
951
1326
804
249
951
852
1545
1110
1338
1104
2109
1119
1146
792
885
858
2034
585
756
585
627
1065
420
582
1203
912
1380
1638
969
771
2130
1530
1914
2592
348
720
255
633
444
822
333
978
618
852
264
669
948
876
2088
852
1401
666
1020
267
270
459
555
534
807
306
237
642
546
447
621
597
249
618
1575
651
606
957
690
1191
1764
630
924
1122
696
972
825
954
1497
420
981
3231
954
855
2304
558
1071
621
297
738
744
510
936
354
708
636
372
318
396
324
639
735
522
462
327
825
588
297
369
864
747
1251
465
1896
1641
408
561
318
1536
4572
285
1026
327
1047
333
783
351
642
735
1221
1101
1410
1881
261
792
933
1128
621
309
1038
1425
1164
2112
1065
1434
549
1176
339
798
879
1245
594
540
1275
780
1236
1500
1596
1662
1287
447
1623
1188
504
1182
438
2682
306
729
1860
627
969
1218
399
2646
582
1365
210
822
939
402
615
1479
1413
1239
1077
1353
657
624
1053
2400
1398
615
2187
1290
831
582
555
1164
1548
672
1701
1491
2052
300
525
822
1443
327
1095
801
1344
2577
747
2643
792
1317
873
504
1536
1701
1866
966
714
942
1419
1494
702
624
1467
1380
1302
639
882
2415
270
1698
1152
687
1206
981
822
2478
1608
1875
1032
1383
414
699
1701
1230
1368
1173
759
1488
261
3072
555
651
834
2142
675
930
2868
786
762
1530
987
2112
618
1476
879
1197
987
834
525
594
2214
723
1077
387
618
807
462
1542
3096
300
1434
1752
279
1533
729
819
480
408
2220
1002
567
636
1299
948
3585
600
525
498
3201
1203
786
564
1413
702
1491
276
2787
780
696
921
375
648
1803
1029
1467
663
675
843
1041
1788
1323
891
534
357
810
870
195
255
1473
1239
513
966
1296
957
1176
1095
687
2610
1068
885
828
1404
600
1368
516
1491
783
1437
105
1089
201
675
693
1359
2598
1758
705
744
654
324
1368
1044
537
366
597
1065
729
732
1200
2124
471
372
468
1062
1026
1161
1344
753
3735
1545
1371
1515
966
978
1596
1503
1374
471
864
963
786
1512
1038
1269
1638
2076
924
249
441
1179
507
993
2190
1590
1167
756
1077
1002
2310
339
1188
933
1665
639
972
2109
1428
1359
1437
543
495
1956
1674
1185
1227
786
792
903
978
1620
771
1377
1344
1353
1701
1038
2076
1011
933
1011
708
684
702
1893
831
984
942
1065
600
1362
924
1170
1125
1482
654
1386
438
342
888
2610
1914
906
756
1320
4032
4311
1422
5985
1374
1224
2514
933
768
4038
3564
723
987
510
1365
273
1251
1251
897
1017
1116
2316
720
1086
1032
2517
1341
414
1293
858
633
372
984
1377
1437
435
1392
333
1320
651
1017
513
1203
264
906
1443
1044
1440
1746
741
1188
1281
942
1194
1545
1203
966
1056
1056
966
1203
612
1722
1506
1518
1368
1371
684
870
390
2694
1056
2133
1008
963
1350
4062
357
1824
636
1224
1368
1155
717
1518
693
1647
1155
840
858
561
1701
1002
1281
1311
1269
759
777
1359
615
429
1011
501
891
480
195
834
1968
555
420
2277
891
1641
1029
1749
1110
462
234
624
1053
864
2271
579
780
966
954
1134
771
1332
714
1233
1134
1344
1578
678
876
981
1722
756
621
2844
195
1017
1278
897
534
1503
732
1473
798
1023
1278
855
951
1167
1287
1002
1008
390
627
1011
1008
999
990
810
294
1473
924
1632
837
522
228
813
342
1035
243
606
483
360
726
363
1077
1122
1575
327
366
423
384
2052
1509
270
879
264
831
2055
2241
495
585
735
801
687
1467
2841
2040
390
2070
1614
1821
633
1038
1500
1542
300
849
558
1404
282
2709
735
1680
261
447
249
657
294
753
1014
885
3717
5826
1977
819
927
1326
1023
1506
327
753
1473
1530
1596
1827
339
1296
1263
840
1035
1689
1668
1026
933
1455
1287
2631
2163
600
564
798
1224
1305
1278
684
1812
642
360
540
984
306
5901
279
495
1521
321
1182
918
960
660
1446
618
348
1518
1602
621
1161
582
3093
1152
2415
1794
510
1572
714
1095
543
765
1284
312
273
1134
603
2913
600
1131
387
387
396
603
693
1068
951
726
672
804
1500
1122
1353
588
1020
660
1881
2082
717
1011
2238
1035
1815
1062
1053
1521
1044
1638
1527
1056
966
795
1008
1035
1548
1794
1086
1116
1584
1287
1068
921
1452
843
2160
2028
1314
291
366
231
684
522
333
1482
1272
897
873
606
984
249
2574
648
540
339
453
957
504
720
552
720
1152
1092
2445
702
531
1695
1560
1467
951
2073
645
1239
801
471
846
258
306
2526
534
444
1092
1788
1641
1881
2754
621
834
612
462
1650
1008
303
1287
1917
564
684
1266
480
1314
366
807
1107
261
246
597
597
1335
435
1347
1422
543
567
2652
2091
471
1188
1125
564
1503
135
360
318
1008
534
666
1011
1362
1026
2064
1728
2310
546
1416
630
951
927
1497
978
2241
312
1107
726
681
624
243
315
408
2196
993
1161
1128
7722
1578
987
471
333
1413
510
1299
897
2988
1722
582
861
759
855
2073
477
2307
1209
1290
930
867
462
1821
1248
651
2340
2739
555
648
1329
1017
957
843
606
2877
1413
1476
570
702
3792
1527
4719
3837
564
531
243
1872
1830
1068
1419
1098
372
627
246
1866
636
1077
1527
2229
990
1158
1410
1863
1809
2472
1746
1596
2133
1059
945
1035
1317
954
927
333
1071
960
2211
861
624
741
1407
2268
1179
393
1764
387
957
1707
1284
825
1074
393
378
1899
342
957
1998
1941
630
765
1488
1248
1179
1272
879
876
1554
2670
1140
1110
480
627
348
1311
597
1215
2238
1296
777
1404
693
1686
1116
1347
1326
1254
933
1266
666
1863
1593
1317
1113
1449
1074
1449
945
1275
3012
309
249
1692
1134
1206
228
894
234
432
693
834
753
867
2046
969
711
1965
1623
9519
546
2385
1365
546
2529
2877
687
270
2742
1395
1011
522
381
1530
3624
663
750
696
1425
294
1524
174
1101
1527
321
1236
1347
1065
1344
1017
525
2166
450
492
2541
1194
2730
1032
309
642
657
297
831
279
360
804
420
252
261
369
336
573
186
399
540
372
702
186
453
1338
561
219
114
378
399
996
534
912
2181
801
1569
1044
822
1068
2865
474
1164
1125
1539
579
210
699
987
348
1635
423
1098
375
1677
1554
2376
840
1380
1287
396
1317
1023
951
2256
1080
1548
1023
696
1284
1776
708
1602
633
2364
1191
1683
966
771
675
1371
261
1143
957
747
741
1038
414
801
663
519
333
1017
861
1014
1305
1152
927
1515
1224
957
1674
1491
1167
564
2091
600
876
1413
528
900
1680
237
951
867
1170
1158
1554
1218
339
522
423
420
801
303
234
1350
267
399
1521
1230
213
1089
885
1188
927
1077
861
705
678
675
1167
1638
651
1419
1791
1173
483
1794
744
2238
981
783
1293
1020
1086
4185
489
600
435
1056
1224
969
1113
375
411
507
1866
525
303
1371
2409
810
5139
1137
732
2364
306
288
402
1215
564
1140
426
534
1959
2016
1026
462
921
1431
969
360
1008
603
1212
3312
651
930
570
936
2568
1221
1578
3288
1221
285
1863
987
705
2313
753
699
1566
1668
906
1461
282
2562
1446
642
366
246
1617
348
651
1032
1059
486
876
1089
642
756
